6.0191e-20,-1.4316e-18,1.8325e-19,0,0,0,0,0,0,0,0,0,0,0,0,0,0,0,0,0,0,0,0,0,0,0,0,0,0,0,0,0,0,0,0,0,0,0,0
-3.726e-20,-0.00027595,-1.2193e-20,0.00031736,-5.7599e-20,0,0,0,0,0,0,0,0,0,0,0,0,0,0,0,0,0,0,0,0,0,0,0,0,0,0,0,0,0,0,0,0,0,0
-8.8841e-21,1.2139e-17,1.0255e-19,4.8981e-18,-1.9737e-19,2.9848e-18,1.7973e-20,0,0,0,0,0,0,0,0,0,0,0,0,0,0,0,0,0,0,0,0,0,0,0,0,0,0,0,0,0,0,0,0
-1.4893e-21,1.6622e-05,8.7272e-21,0.0010427,5.0682e-20,-0.0010932,-3.3467e-20,1.1882e-06,3.6639e-21,0,0,0,0,0,0,0,0,0,0,0,0,0,0,0,0,0,0,0,0,0,0,0,0,0,0,0,0,0,0
2.399e-20,-6.0393e-19,3.6366e-20,-7.326e-18,-8.0849e-20,2.1498e-17,4.1346e-19,-4.0023e-18,-4.3233e-20,-2.1314e-19,-6.1042e-21,0,0,0,0,0,0,0,0,0,0,0,0,0,0,0,0,0,0,0,0,0,0,0,0,0,0,0,0
3.0887e-20,5.1544e-06,-9.0116e-21,-5.3923e-06,-5.4392e-20,0.0011312,-5.5715e-21,-0.0011911,4.2045e-20,9.1802e-06,-9.7398e-21,-1.0821e-05,2.5573e-20,0,0,0,0,0,0,0,0,0,0,0,0,0,0,0,0,0,0,0,0,0,0,0,0,0,0
1.0686e-20,-4.7542e-19,-2.2234e-20,-2.8148e-19,8.9088e-21,-5.3928e-18,3.8463e-19,1.2019e-17,-3.6204e-19,9.9952e-18,-9.037e-21,5.152e-19,-3.3289e-20,3.1694e-19,-1.3915e-20,0,0,0,0,0,0,0,0,0,0,0,0,0,0,0,0,0,0,0,0,0,0,0,0
1.0902e-20,8.7144e-07,1.4852e-20,-1.3473e-06,-1.8662e-21,5.6269e-05,2.514e-20,-0.00018513,-7.5838e-21,0.00041075,-5.5074e-20,-5.4996e-05,-2.3567e-20,1.8697e-06,1.1233e-20,-3.933e-07,-1.6749e-20,0,0,0,0,0,0,0,0,0,0,0,0,0,0,0,0,0,0,0,0,0,0
1.3613e-20,-1.8797e-19,-2.201e-20,1.2357e-19,3.5597e-21,-5.3986e-19,4.7695e-21,3.8209e-18,3.4539e-19,-2.9503e-17,-4.6191e-19,-5.8684e-18,1.7873e-20,-5.7332e-19,1.1223e-20,-7.6792e-19,4.7434e-20,2.0213e-20,-4.3664e-20,0,0,0,0,0,0,0,0,0,0,0,0,0,0,0,0,0,0,0,0
-5.6108e-22,1.7627e-08,3.3282e-20,7.8292e-09,7.1197e-21,1.5284e-06,8.4685e-21,-2.4464e-05,5.3995e-20,-0.000296,-2.9133e-20,0.00011154,3.3721e-20,2.2991e-05,-6.1871e-21,-1.5667e-06,-1.0147e-20,9.1455e-10,8.4548e-21,-3.6121e-08,2.8913e-20,0,0,0,0,0,0,0,0,0,0,0,0,0,0,0,0,0,0
-1.4034e-21,6.2572e-20,1.7723e-21,3.6784e-19,-1.9952e-21,-4.8279e-19,2.9663e-20,-8.9541e-20,-2.9989e-20,-1.2041e-18,-4.631e-19,1.4812e-17,4.2803e-19,7.6337e-19,-3.3743e-21,-1.1979e-19,9.4011e-21,-1.2685e-20,-3.6219e-21,4.3369e-19,-3.0181e-21,1.0954e-19,-3.6287e-20,0,0,0,0,0,0,0,0,0,0,0,0,0,0,0,0
-1.5394e-20,1.3806e-09,-1.6061e-20,-2.5249e-10,1.0954e-20,7.5401e-09,-1.079e-21,-5.8804e-07,2.8358e-21,3.726e-06,-1.5357e-20,0.00013734,-1.7758e-20,-6.8704e-05,7.6439e-21,-2.4449e-06,9.8196e-20,5.696e-07,1.0516e-20,-7.1809e-09,2.7005e-20,1.7626e-09,4.276e-21,-5.5905e-10,3.2016e-20,0,0,0,0,0,0,0,0,0,0,0,0,0,0
1.291e-20,1.1945e-19,1.6396e-20,3.2849e-19,-2.9937e-20,-8.0784e-20,-3.7663e-20,9.2472e-20,-4.0144e-20,1.8395e-19,-6.0812e-21,5.5713e-19,-5.38e-19,-3.8466e-18,6.0459e-19,-4.7925e-20,1.9341e-20,-2.1776e-19,3.3403e-20,-8.0225e-20,5.0195e-20,-1.6433e-19,1.2726e-20,6.1353e-19,3.8512e-20,-3.837e-19,-1.7694e-20,0,0,0,0,0,0,0,0,0,0,0,0
-9.2447e-21,1.064e-11,-4.2462e-20,-1.2059e-11,-1.9669e-21,9.6998e-11,1.1889e-20,-3.6592e-09,3.6084e-21,1.173e-07,1.2075e-20,-2.1048e-08,-1.6041e-21,-2.906e-05,3.0329e-20,1.4125e-05,-1.3663e-20,-4.3635e-07,-3.2199e-20,-1.024e-07,2.8883e-20,3.0951e-09,2.1875e-20,-1.6762e-10,7.082e-21,2.6374e-12,-4.108e-21,-2.0016e-11,2.2072e-20,0,0,0,0,0,0,0,0,0,0
8.1948e-21,8.8968e-20,1.0125e-20,-1.0723e-18,-3.9104e-21,-3.0222e-19,2.1644e-20,1.3945e-19,2.616e-20,5.0671e-20,8.8427e-22,-1.7139e-20,4.8201e-21,-1.2069e-19,3.6323e-19,5.4608e-19,-4.9639e-19,-1.447e-19,4.4806e-21,1.0156e-19,9.1497e-21,-2.9169e-20,4.4515e-21,-1.0834e-19,5.7425e-20,3.2169e-19,-4.5007e-21,-8.5045e-19,4.3168e-21,-4.6839e-19,8.7728e-21,0,0,0,0,0,0,0,0
-4.5288e-20,5.2047e-13,-3.4532e-20,-9.8546e-14,-1.5045e-20,-1.1901e-12,2.6502e-20,-2.5813e-11,7.8508e-21,7.0836e-10,3.1273e-20,-1.3689e-08,3.0426e-21,-7.7167e-08,4.7488e-20,3.8541e-06,2.335e-20,-1.6879e-06,7.4426e-21,1.6169e-07,-1.8189e-20,9.3301e-09,-2.6101e-21,-6.8191e-10,2.771e-20,2.6743e-11,9.5236e-21,5.9228e-14,-1.6669e-21,7.3205e-13,2.7201e-21,-1.9597e-13,1.8669e-20,0,0,0,0,0,0
9.5445e-21,2.8979e-19,2.1422e-20,8.7914e-19,-1.2079e-20,-2.1755e-19,-5.3375e-22,-5.0025e-19,1.1494e-20,-1.1073e-19,-1.4442e-20,1.1639e-19,1.4477e-20,2.436e-20,-2.8059e-20,-4.6026e-21,7.2705e-19,-2.4501e-19,-8.0374e-19,-9.8308e-20,-1.8204e-20,2.6031e-20,-8.2381e-21,6.6144e-20,-2.4511e-21,1.185e-21,3.3979e-20,-1.2169e-19,7.0222e-20,6.1756e-19,-1.1831e-20,1.2464e-18,-2.2507e-20,-5.6682e-19,2.3967e-20,0,0,0,0
-2.7463e-20,1.9684e-15,-3.6871e-20,-8.2386e-15,4.2471e-22,4.0312e-15,3.9923e-20,5.0046e-14,-3.1387e-22,4.4722e-12,2.0354e-20,-8.1524e-11,-1.0788e-20,9.5318e-10,2.9302e-20,1.4158e-08,-4.5882e-20,-3.6227e-07,5.4966e-20,1.3522e-07,4.4244e-21,-2.3495e-08,-7.1049e-21,-2.3703e-10,-9.1176e-21,8.8361e-11,1.3365e-20,-4.5294e-12,4.4503e-20,-1.6943e-14,-1.1974e-20,-3.0671e-14,-4.2311e-20,1.8877e-15,-2.9651e-20,-3.2802e-15,-4.6779e-21,0,0
4.9874e-21,2.0567e-19,-9.0505e-21,5.9625e-19,2.0769e-21,-1.4654e-19,1.5564e-20,4.2748e-19,4.1432e-20,-1.267e-19,8.7173e-21,-1.3311e-19,-1.854e-20,-4.2e-20,-3.4561e-21,1.1794e-20,2.8053e-20,-1.6764e-19,-1.6229e-19,-6.5323e-20,1.938e-19,-2.5342e-19,-1.5477e-21,-2.3764e-19,-3.6826e-22,1.0466e-19,-7.9263e-21,-8.3555e-20,-2.037e-20,-8.6992e-20,5.8047e-20,6.4313e-19,3.6541e-20,1.827e-19,-4.2375e-20,5.9277e-19,-7.323e-21,-1.0697e-18,2.5956e-20
