2.852e-19,1.8816e-18,-3.2845e-20,0,0,0,0,0,0,0,0,0,0,0,0,0,0,0,0,0,0,0,0,0,0,0,0,0,0,0,0,0,0,0,0,0,0,0,0
4.1254e-20,-0.00042216,-2.4554e-20,-0.00020844,4.4594e-21,0,0,0,0,0,0,0,0,0,0,0,0,0,0,0,0,0,0,0,0,0,0,0,0,0,0,0,0,0,0,0,0,0,0
1.3214e-20,-2.8108e-17,-1.3524e-19,-4.3319e-18,1.4119e-19,1.4988e-17,-7.6303e-21,0,0,0,0,0,0,0,0,0,0,0,0,0,0,0,0,0,0,0,0,0,0,0,0,0,0,0,0,0,0,0,0
-1.9626e-20,-8.5089e-06,2.6662e-20,0.0010221,4.8914e-21,0.0011234,2.2656e-20,2.5886e-06,4.6566e-21,0,0,0,0,0,0,0,0,0,0,0,0,0,0,0,0,0,0,0,0,0,0,0,0,0,0,0,0,0,0
-2.7408e-21,-6.0845e-19,-1.03e-21,-2.2166e-17,1.9618e-20,-2.9462e-17,-2.3393e-19,-3.6648e-17,-3.0807e-20,-9.3425e-19,3.1031e-20,0,0,0,0,0,0,0,0,0,0,0,0,0,0,0,0,0,0,0,0,0,0,0,0,0,0,0,0
2.6659e-20,5.1837e-06,-8.0749e-21,5.755e-06,-9.1716e-21,0.0012376,3.7343e-21,0.0010872,-4.6467e-20,1.3621e-05,-4.0685e-20,8.5341e-06,3.6067e-21,0,0,0,0,0,0,0,0,0,0,0,0,0,0,0,0,0,0,0,0,0,0,0,0,0,0
-3.6686e-20,-7.6693e-19,1.4187e-20,4.2671e-20,-2.89e-20,4.1961e-17,1.8786e-19,-2.5368e-17,2.8e-19,-2.8825e-17,-2.258e-20,-4.37e-20,-6.8866e-21,-1.3581e-18,-2.7916e-20,0,0,0,0,0,0,0,0,0,0,0,0,0,0,0,0,0,0,0,0,0,0,0,0
-9.0071e-21,-7.0718e-07,1.6354e-20,-1.5968e-06,-2.8417e-20,-5.3642e-05,-1.4528e-20,-0.00018494,-2.5197e-20,-0.00049491,3.2577e-20,-5.8515e-05,1.5771e-20,-1.7608e-06,1.0915e-20,-3.7771e-07,3.0973e-21,0,0,0,0,0,0,0,0,0,0,0,0,0,0,0,0,0,0,0,0,0,0
3.1013e-20,-1.9787e-19,-1.1816e-20,-5.6408e-20,9.578e-22,4.0531e-19,-1.1355e-20,-2.3589e-17,5.7486e-19,4.8862e-17,6.1231e-19,2.203e-17,7.3726e-21,-3.0423e-19,3.2011e-21,3.6446e-20,-4.1452e-22,5.0404e-20,1.5501e-20,0,0,0,0,0,0,0,0,0,0,0,0,0,0,0,0,0,0,0,0
2.1702e-21,1.7292e-08,-2.4862e-20,-7.3081e-09,3.6048e-20,1.6806e-06,-7.3919e-21,2.5032e-05,2.7204e-20,-0.00029872,-1.7395e-20,-3.6336e-05,-5.164e-20,2.3404e-05,-3.8174e-20,1.4566e-06,2.3062e-20,1.8218e-09,-4.3242e-21,2.7264e-08,3.4798e-21,0,0,0,0,0,0,0,0,0,0,0,0,0,0,0,0,0,0
-3.2136e-20,-1.4437e-19,-1.116e-20,-3.1829e-19,-1.1289e-20,-1.2881e-19,3.2369e-21,-1.2417e-20,-2.9267e-21,5.16e-18,-4.8272e-19,-2.3647e-17,-3.335e-19,-7.1834e-18,1.1137e-20,-1.3982e-21,8.4656e-21,3.6437e-19,2.6956e-20,2.6793e-19,1.1101e-20,-2.8671e-19,-2.4005e-20,0,0,0,0,0,0,0,0,0,0,0,0,0,0,0,0
1.306e-20,-1.1448e-09,-1.2365e-20,-2.6238e-10,2.7406e-22,-6.9318e-09,3.6979e-20,-6.187e-07,-1.8816e-20,-4.6349e-06,-1.1289e-20,0.00013346,-1.2084e-20,4.6325e-05,3.5985e-20,-2.2958e-06,2.5997e-21,-5.3262e-07,-2.3348e-20,-7.7376e-09,6.4036e-21,-1.5361e-09,-3.986e-21,-5.1863e-10,-1.753e-20,0,0,0,0,0,0,0,0,0,0,0,0,0,0
3.52e-20,8.2973e-20,-1.9363e-20,2.3662e-19,-1.8471e-20,1.6085e-19,3.4079e-21,-3.5905e-19,9.6577e-21,8.2398e-20,4.0715e-20,-5.6696e-19,-6.4263e-19,5.911e-18,-6.569e-19,1.2377e-18,4.3536e-21,-5.8041e-20,-9.4039e-21,1.362e-19,2.3703e-20,-4.5252e-19,-1.2651e-20,2.8307e-19,-3.2644e-21,-5.3229e-21,2.5414e-22,0,0,0,0,0,0,0,0,0,0,0,0
-2.1644e-20,1.0366e-11,1.2115e-20,7.816e-12,-1.8716e-21,1.1665e-10,2.6366e-20,3.1602e-09,2.1262e-21,1.1772e-07,1.7052e-20,3.1653e-07,3.3743e-20,-2.7269e-05,-7.8769e-21,-1.0473e-05,-1.3026e-20,-4.823e-07,-2.0429e-21,9.7294e-08,-3.6314e-20,3.1231e-09,1.2423e-20,1.5381e-10,9.8598e-21,-1.2277e-14,-2.5741e-20,1.4115e-11,4.8212e-21,0,0,0,0,0,0,0,0,0,0
-2.2607e-20,-2.5504e-19,3.1375e-20,-7.958e-19,4.4744e-21,1.2882e-19,3.0601e-20,3.041e-19,-3.0767e-20,-3.0656e-19,-1.8541e-20,1.152e-19,-1.0629e-20,6.224e-20,4.2862e-19,-9.0951e-19,2.8832e-19,-1.1724e-19,-4.0471e-21,-8.2678e-20,-8.0878e-21,1.5638e-19,5.858e-21,-2.1045e-19,-2.2248e-20,3.4317e-19,1.7746e-20,6.3517e-19,9.5264e-21,-7.6422e-20,2.5213e-20,0,0,0,0,0,0,0,0
-5.1874e-21,-4.4064e-13,-2.2676e-21,-6.8544e-14,1.8042e-20,1.0298e-12,-1.3918e-20,-2.943e-11,-6.9828e-21,-6.0247e-10,-1.1256e-20,-1.2843e-08,3.1168e-20,2.6186e-08,-2.3875e-20,3.4884e-06,3.8974e-21,1.3097e-06,-2.1671e-20,1.667e-07,-1.8596e-20,-9.2928e-09,-1.296e-20,-6.7253e-10,1.7312e-20,-2.3893e-11,-1.0669e-20,6.4623e-14,-4.4173e-21,-5.8635e-13,-4.4529e-21,-1.787e-13,-4.2509e-21,0,0,0,0,0,0
8.8898e-22,4.0654e-19,-3.6582e-20,3.1079e-19,-1.1781e-20,2.0086e-19,-2.6171e-21,2.7788e-20,-5.9417e-21,3.3933e-19,1.8478e-20,-1.9142e-19,2.8661e-20,-7.4937e-20,-7.906e-21,1.9119e-20,9.5592e-19,6.9007e-20,7.538e-19,-9.0669e-20,1.2363e-20,-1.4319e-19,-7.6732e-21,1.6097e-19,3.3124e-20,-5.237e-20,-1.2695e-20,1.3792e-19,1.2639e-20,-1.7396e-19,-2.7316e-20,-3.534e-19,1.2003e-20,-2.7241e-19,-3.2829e-20,0,0,0,0
7.7475e-21,1.9207e-15,-4.5035e-20,6.4892e-15,-4.0721e-20,5.1766e-15,8.6798e-22,-3.7373e-14,-1.0391e-20,4.9553e-12,1.8993e-21,7.0062e-11,-2.0945e-20,7.8253e-10,-2.6439e-20,-8.4731e-09,6.2475e-21,-3.1558e-07,3.8267e-20,-1.0896e-07,4.5323e-20,-2.3687e-08,-1.1804e-20,3.3188e-10,4.3286e-21,8.6088e-11,3.2564e-21,4.0738e-12,-3.3601e-20,-1.6685e-14,8.2511e-22,2.8275e-14,-2.1238e-20,8.6666e-16,5.1319e-20,2.0877e-15,2.0257e-20,0,0
9.3062e-21,-4.7602e-19,6.1183e-21,-2.9559e-19,-1.3965e-21,-2.6184e-19,-3.535e-21,3.9008e-19,-5.5262e-21,-1.616e-19,-1.4212e-20,2.1848e-19,-2.5507e-20,-4.0303e-20,-9.6749e-21,-5.0929e-20,1.9439e-20,3.1014e-20,1.5456e-20,1.7443e-21,-7.966e-20,8.3986e-21,-1.5742e-20,-9.2828e-20,4.9706e-20,2.0988e-19,-3.6007e-20,-3.2149e-19,-2.9339e-20,1.065e-19,2.977e-20,-3.7795e-19,7.5775e-21,-7.8224e-20,1.5112e-20,3.4962e-19,-1.3199e-20,-4.7876e-19,2.5929e-21
