-16.6682 -8.2328
10.7898 2.0866
-2.4957 5.9015
13.2015 12.7874
5.4424 -2.4805
-2.7971 -3.5978
5.3947 1.3552
0.9534 6.6084
5.1307 -14.6548
-15.7463 6.8744
2.8397 -6.2861
0.5493 -11.2113
0.5924 -2.4755
0.6948 -16.8845
8.6515 5.0979
-13.0943 8.6216
-0.9524 6.8892
5.9100 -10.5143
-15.4060 -6.6120
14.0473 0.1846
0.5539 10.1235
-0.2028 8.5399
1.6905 12.6906
-2.4657 -15.1515
-14.5463 12.2232
-9.6756 0.9871
-2.6913 11.5830
-4.3756 -15.4313
-6.2585 0.5814
3.2877 -15.2897
15.0125 3.6330
4.4213 -0.5447
3.9325 5.0993
-5.5187 8.7052
-10.0556 -2.0555
-1.3478 -10.8252
4.7516 3.5451
9.3278 15.0745
11.9707 -4.4084
-14.2263 5.4788
-0.9030 -6.9818
-7.3904 -5.5003
6.2954 -17.0138
-7.0212 -16.6745
16.9200 5.3187
16.6616 -2.0955
-2.8392 -16.9195
15.6702 -7.8077
-7.4488 -12.9000
-17.6612 -6.5925
-5.9138 11.7079
-17.3463 5.9721
7.0993 -3.2315
3.1677 13.8996
15.7564 8.9201
7.2010 -14.2079
-18.0362 -3.9703
-3.2394 8.5997
-5.4703 -12.3074
17.7655 -3.9935
-8.8558 6.6801
9.7096 -0.5475
-16.1415 1.3475
-16.1078 10.0253
-13.4228 -9.6962
-1.6662 9.6717
7.6563 8.5577
-0.1238 -4.3786
6.6668 5.0689
0.5646 1.4604
-10.1283 11.2252
-8.9473 9.0117
-4.0434 15.3363
10.8843 11.2245
-6.5894 -9.7169
5.9226 -5.5047
-3.2654 -6.2437
-5.9082 -14.2145
-5.1551 17.6554
1.3205 -18.9368
2.8566 -10.0802
-14.3335 0.5535
14.6873 -10.4449
-9.6636 -11.9533
-13.8694 10.4720
2.1140 -0.6172
3.2334 11.2077
6.6917 -8.9298
14.6087 5.5144
-8.9027 -15.4928
10.3322 -10.0722
12.2796 9.6621
18.8241 -0.9132
13.9105 -4.4482
-10.9451 -3.5893
18.0865 0.9015
3.7326 -13.1472
15.4033 -5.8727
8.1616 -15.9637
-12.3365 6.7303
-11.6229 12.7172
1.2976 3.2289
-5.1678 -5.1628
-13.4572 -13.4039
-0.5682 17.5861
-9.3597 12.9500
2.5158 16.5932
8.5123 -10.3935
18.1484 3.2853
-9.7120 -8.1435
2.7720 7.3940
13.5822 -7.8202
-9.3169 3.1937
-11.6215 -10.0648
-6.3323 -3.6573
-6.9985 7.3686
-8.1883 -0.4856
-3.6042 -13.5220
-4.7376 10.3687
-0.8524 15.7541
13.1635 3.2147
4.3369 15.4118
3.2382 -4.3722
-8.9253 -4.1457
2.4161 -11.9756
-7.0413 10.1059
6.6914 13.1179
-2.7952 4.0196
-11.9749 1.4065
10.5357 -15.7367
-4.7319 2.8486
15.9142 -4.0089
-11.1682 3.1917
-7.1044 15.0327
12.4338 1.3661
9.0986 1.3370
-1.2871 -2.4679
-4.3728 5.9377
15.6603 1.2785
3.2335 -18.7195
13.5478 -11.9448
-11.5891 -7.7510
-14.0136 -4.7632
-7.0381 -1.8057
10.5508 -8.1853
0.1648 -8.5294
8.8364 -8.5433
11.9520 -6.7274
-7.4643 2.8389
-10.3328 4.7815
1.7742 18.4321
-0.8564 11.5698
9.0288 -4.7499
5.8544 9.3140
2.8714 -2.4354
-4.7363 -10.1486
12.1625 14.5733
-1.3678 -0.1719
-18.4449 -0.1702
9.3547 10.0521
12.5186 7.4212
13.8852 -2.1309
-3.2461 0.9216
9.2267 -13.8776
5.9368 16.1402
-12.7579 -11.5695
9.3691 13.0744
3.9657 9.4027
2.8416 1.6971
-17.2743 7.8187
-13.2751 13.5151
7.1486 1.3064
17.6968 -6.9020
-4.8171 -18.0572
5.0753 -18.3047
-0.5808 -14.6745
-12.7164 -6.0513
0.9164 -6.0113
10.0650 -2.8740
-0.5910 3.6574
4.7497 -9.0265
-10.7522 9.3418
-16.8942 3.1192
2.8866 -8.2052
4.4587 6.7754
-8.6114 16.1299
-2.4863 16.4848
6.3196 6.9878
-1.7610 -18.4744
14.7621 11.9602
10.7184 7.7767
-2.4260 14.5860
-15.4084 -3.6409
-14.6789 2.7582
12.4269 5.1822
12.3209 -10.4723
-2.8024 18.7707
2.7855 -16.9799
5.4896 -7.3787
-5.8624 13.4901
-12.7335 4.0064
4.7382 18.3909
7.8513 -6.2230
13.9241 8.8348
-16.0759 4.7128
2.1104 4.8269
-11.3001 -12.7958
-4.3286 -8.1786
-18.6472 3.6443
5.1688 11.9507
7.4302 -1.3497
-13.5234 -1.1399
-3.2493 -1.6665
-10.4009 14.6343
11.2074 3.9226
1.3253 -14.9857
1.6881 15.0231
-2.4245 -8.1225
-9.2693 -5.9215
-1.7037 -5.1373
-17.3459 -2.1356
12.0065 -2.5487
-11.9164 -2.0539
-7.0556 5.4535
-11.2339 -14.9561
-16.5415 -0.4911
-15.2322 -1.6900
-15.4681 -9.6784
-3.6745 13.1293
-18.8897 1.6500
-13.9260 -7.8084
7.3920 17.3695
-10.6710 7.3824
8.1529 -12.3421
6.6311 10.9113
0.0468 14.2318
-5.1225 -1.0307
2.1536 9.2875
11.5630 -0.8524
-12.0030 10.5836
5.8264 -12.3569
-8.1543 -10.5020
15.7180 -0.5915
-9.8461 -10.0321
-3.2587 -11.6543
15.7748 6.9691
8.9251 7.3194
-8.1624 11.5568
-2.8731 -9.8239
-9.5995 -13.8378
10.5020 5.8834
11.1843 13.0242
10.1275 -12.0024
-16.5646 -5.1495
-14.7451 -11.6119
11.1395 -13.5129
